8
50
51
233
234
236
237
242
244
247
253
254
259
265
274
276
280
281
282
283
284
286
288
289
290
292
294
295
297
298
299
300
302
303
304
305
307
308
309
310
311
312
313
314
315
317
320
321
323
324
325
326
329
330
334
337
338
340
369
382
407
425
436
437
438
439
440
441
442
443
444
446
448
449
450
451
452
453
455
458
459
460
463
464
465
467
468
469
470
472
473
475
476
477
482
485
486
487
488
489
490
491
492
493
494
496
500
503
506
508
511
512
513
514
515
516
528
529
530
531
532
533
534
536
593
594
693
696
697
698
699
749
750
751
755
762
763
764
766
767
768
769
770
771
772
788
793
794
798
799
804
806
807
808
809
810
811
812
822
823
827
836
837
839
840
841
842
843
844
847
848
849
860
875
876
880
883
884
885
887
888
889
890
891
892
893
894
895
897
898
902
907
909
916
917
918
919
921
923
927
928
965
968
970
973
974
976
977
978
979
980
981
982
985
993
995
1009
1010
1011
1014
1015
1025
1026
1027
1028
1029
1030
1037
1038
1039
1040
1044
1077
1103
1104
1109
1120
1131
1147
1171
1182
1194
1219
1220
1257
1260
1261
1262
1265
1266
1267
1269
1270
1271
1272
1273
1274
1275
1306
1307
1308
1309
1314
1321
1326
1333
1372
1373
1375
1377
1396
1415
1418
1419
1420
1421
1423
1424
1426
1427
1428
1429
1434
1436
1442
1443
1444
1445
1450
1451
1452
1453
1454
1455
1456
1461
1466
1467
1486
1487
1505
1510
1515
1529
1530
1531
1533
1545
1546
1547
1583
1593
1600
1605
1606
1607
1608
1617
1625
1638
1639
1650
1671
1688
1703
1704
1707
1728
1729
1730
1737
1739
1741
1742
1743
1748
1749
1750
1752
1753
1757
1758
1759
1761
1763
1764
1772
1773
1774
1779
1780
1788
1789
1790
1804
1805
1822
1836
1838
1839
1841
1842
1848
1850
1851
1852
1856
1860
1861
1862
1867
1868
1869
1870
1871
1878
1879
1880
1890
1891
1894
1898
1899
1901
1904
1905
1906
1912
1920
1924
1925
1926
1930
1931
1932
1933
1934
1936
1937
1938
1940
1941
1943
1944
1945
1946
1947
1948
1949
1950
1951
1952
1953
1954
1955
1956
1957
1958
1959
1960
1961
1962
1963
1964
1965
1966
1967
1968
1969
1970
1971
1972
1973
1974
1976
1977
1978
1979
1980
1982
1983
1984
1985
1986
1987
1989
1990
1991
1995
1996
1997
1998
1999
2000
2001
2010
2042
2045
2046
2047
2049
2059
2060
2062
2063
2074
2076
2077
2078
2079
2080
2082
2083
2084
2087
2088
2089
2090
2091
2092
2093
2094
2096
2097
2098
2103
2107
2108
2120
2121
2126
2128
2129
2135
2141
2158
2166
2167
2168
2169
2170
2171
2172
2173
2174
2175
2215
2216
2217
2220
2225
2240
2255
2256
2257
2274
2281
2282
2286
2293
2299
2300
2310
2314
2319
2326
2328
2329
2333
2354
2396
2408
2411
2412
2414
2415
2418
2425
2427
2429
2430
2439
2440
2443
2448
2450
2451
2453
2454
2459
2460
2461
2462
2463
2464
2470
2471
2472
2473
2474
2475
2476
2477
2478
2482
2487
2496
2504
2531
2566
2567
2582
2585
2586
2603
2604
2605
2606
2608
2609
2610
2611
2617
2642
2643
2661
2662
2664
2680
2681
2682
2688
2689
2690
2691
2693
2694
2695
2696
2710
2712
2725
2726
2732
2733
2734
2735
2741
2750
2751
2768
2769
2771
2772
2774
2776
2782
2783
2784
2785
2790
2794
2810
2811
2812
2813
2829
2833
2842
2859
2875
2877
2881
2882
2885
2886
2887
2888
2889
2891
2892
2893
2894
2895
2896
2897
2898
2899
2903
2904
2905
2908
2909
2910
2912
2913
2914
2915
2916
2921
2934
2935
2936
2937
2938
2939
2940
2942
2968
2969
2970
2971
2972
2973
2974
2975
2976
2977
2978
2979
2980
2981
2982
3011
3012
3013
3014
3016
3018
3019
3020
3021
3022
3023
3024
3025
3026
3027
3028
3029
3030
3031
3032
3033
3054
3055
3059
3060
3069
3070
3090
3091
3100
3102
3110
3113
3128
3129
3130
3131
3132
3133
3134
3135
3136
3137
3138
3139
3140
3141
3148
3149
3150
3151
3152
3153
3156
3157
3158
3164
3166
3167
3168
3170
3171
3172
3173
3174
3175
3179
3182
3183
3188
3190
3206
3241
3271
3275
3283
3284
3287
3291
3292
3293
3294
3302
3304
3305
3324
3325
3326
3327
3328
3341
3357
3359
3369
3375
3390
3393
3394
3395
3400
3407
3410
3413
3416
3417
3420
3421
3422
3423
3424
3425
3426
3428
3429
3444
3446
3449
3471
3473
3477
3478
3479
3482
3483
3484
3485
3489
3495
3496
3498
3499
3515
3532
3547
3553
3554
3555
3603
3612
3618
3619
3620
3621
3622
3626
3627
3628
3630
3631
3632
3633
3635
3637
3638
3639
3640
3641
3642
3643
3644
3652
3653
3686
3690
3697
3711
3712
3731
3732
3733
3734
3743
3744
3745
3751
3752
3754
3755
3758
3759
3760
3761
3762
3763
3764
3765
3768
3773
3774
3780
3781
3782
3783
3787
3795
3805
3806
3809
3811
3816
3819
3825
3826
3828
3830
3841
3843
3844
3845
3846
3847
3848
3849
3856
3859
3861
3891
3892
3893
3909
3916
3926
3944
3948
3955
3960
3974
3994
3995
3996
3997
4006
4007
4008
4010
4011
4014
4015
4016
4019
4020
4021
4023
4024
4025
4028
4035
4038
4039
4040
4041
4042
4043
4045
4046
4047
4070
4074
4077
4079
4100
4101
4123
4124
4125
4140
4144
4163
4164
4180
4185
4188
4190
4191
4192
4193
4195
4200
4202
4210
4212
4213
4214
4215
4216
4217
4221
4234
4235
4237
4240
4242
4243
4244
4252
4255
4256
4263
4264
4274
4281
4282
4283
4284
4285
4286
4290
4291
4292
4293
4294
4301
4312
4313
4314
4315
4328
4330
4361
4369
4370
4371
4374
4383
4384
4390
4394
4395
4396
4397
4398
4406
4419
4421
4442
4444
4450
4466
4471
4473
4475
4480
4482
4486
4507
4522
4530
4541
4542
4543
4556
4557
4558
4559
4583
4588
4599
4607
4608
4609
4614
4631
4635
4653
4663
4668
4686
4735
4756
4803
4829
4830
4840
4841
4843
4849
4871
4873
4884
4887
5016
5017
5087
5109
5118
5120
5229
5230
5231
5232
5233
5234
5235
5332
5365
5378
5393
5421
5425
5426
5428
5430
5431
5432
5433
5434
5435
5436
5437
5467
5468
5474
5475
5487
5490
5491
5495
5498
5499
5640
5647
5648
5650
5651
5652
5653
5655
5658
5694
5753
5779
5826
5832
5835
5848
5864
5867
5868
5869
5870
5871
5874
5875
5881
5910
5918
5919
5927
5941
5961
5964
5972
5976
5977
5997
5998
6007
6021
6048
6049
6235
6254
6256
6298
6326
6327
6328
6329
6375
6389
6390
6414
6437
6473
6476
6490
6499
6501
6591
6592
6593
6605
6608
6609
6649
6650
6651
6751
6752
6755
6756
6776
6804
6811
6812
6813
6814
6815
6816
6817
6819
6820
6848
6849
6858
6880
6909
6933
6934
6937
6973
6985
6986
6993
6995
6997
6998
7014
7026
7029
7033
7056
7062
7075
7104
7106
7107
7108
7145
7150
7156
7157
7160
7183
7184
7206
7218
7244
7258
7298
7312
7320
7345
7347
7348
7350
7352
7354
7356
7359
7360
7362
7365
7366
7369
7370
7376
7383
7397
7408
7570
7573
7597
7617
7618
7619
7620
7654
7666
7667
7707
7747
7777
7783
7806
7809
7835
7842
7843
7844
7852
7860
7880
7882
7883
7904
7905
7929
7931
7933
7937
7941
7962
7963
7964
7991
7993
7995
8008
8019
8061
8081
8082
8083
8105
8122
8181
8199
8200
8217
8218
8219
8227
8233
8247
8248
8249
8281
8291
8292
8293
8294
8295
8296
8297
8298
8299
8300
8333
8354
8356
8357
8363
8364
8365
8371
8372
8378
8379
8380
8381
8386
8390
8392
8400
8401
8402
8412
8413
8414
8415
8452
8461
8465
8466
8474
8484
8503
8509
8539
8543
8544
8560
8582
8591
8619
8621
8622
8631
8637
8696
8700
8702
8719
8725
8726
8736
8748
8752
8758
8800
8802
8803
8804
8805
8881
8882
8883
8884
8966
8968
8969
8970
8971
8972
8973
8982
8986
8987
8989
8991
8992
8993
8994
8995
8996
8997
8998
8999
9001
9002
9003
9266
9267
9268
9271
9272
9302
9303
9304
9305
9324
9349
9350
9351
9352
9368
9380
9385
9387
9389
9397
9406
9416
9425
9426
9428
9432
9470
9472
9517
9539
9550
9559
9564
9565
9566
9567
9568
9569
9570
9571
9572
9579
9588
9590
9605
9616
9617
9618
9619
9622
9639
9642
9655
9713
9716
9717
9726
9731
9732
9733
9737
9751
9756
9757
9774
9779
9781
9783
9800
9801
9820
9821
9840
9841
9850
9851
9852
9853
9856
9871
9874
9908
9911
9912
9966
9979
9980
9981
9996
10040
10068
10070
10071
10074
10075
10076
10099
10145
10158
10160
10180
10181
10182
10184
10197
10213
10220
10225
10226
10227
10238
10243
10246
10261
10276
10277
10278
10283
10285
10291
10299
10306
10308
10309
10335
10337
10338
10339
10353
10356
10357
10358
10374
10375
10377
10378
10379
10380
10381
10382
10383
10384
10385
10387
10389
10390
10391
10392
10393
10394
10395
10396
10397
10398
10400
10401
10402
10403
10404
10405
10406
10407
10408
10409
10410
10411
10412
10413
10414
10415
10416
10417
10418
10419
10420
10421
10422
10435
10436
10437
10440
10456
10457
10459
10460
10461
10462
10463
10465
10467
10469
10470
10481
10488
10494
10506
10507
10508
10509
10526
10542
10553
10555
10557
10558
10559
10560
10561
10565
10566
10567
10568
10569
10570
10578
10581
10582
10595
10596
10597
10598
10599
10600
10603
10604
10609
10610
10613
10639
10649
10650
10654
10687
10739
10741
10742
10743
10745
10748
10751
10760
10761
10762
10765
10782
10799
10829
10837
10840
10842
10843
10844
10845
10852
10854
10857
10933
10934
10940
10941
10942
10954
10965
10966
10989
10995
10996
10997
11043
11044
11045
11058
11072
11114
11121
11132
11142
11145
11147
11180
11189
11190
11191
11207
11208
11209
11210
11577
11598
11600
11602
11603
11604
11629
11645
11646
11647
11658
11682
11683
11684
11714
11715
11726
11727
11728
11730
11731
11743
11745
11746
11779
11784
11834
11836
11844
11875
11876
11877
11895
11909
11911
11913
11936
11937
11949
11973
12012
12071
12081
12083
12189
12192
12193
12282
12283
12309
12317
12332
12333
12338
12339
12344
12347
12351
12357
12381
12426
12433
12496
12536
12544
12546
12557
12558
12576
12579
12593
12618
12620
12655
12697
12703
12709
12722
12746
12749
12782
12783
12784
12785
12786
12923
12943
12944
12970
12982
12985
13008
13012
13014
13015
13041
13045
13091
13097
13131
13132
13133
13134
13135
13143
13158
13207
13264
13295
13342
13343
13344
13345
13379
13384
13406
13423
13428
13429
13448
13485
13498
13549
13550
13551
13552
13553
13554
13555
13557
13561
13603
13604
13605
13607
13612
13618
13677
13679
13761
13764
13805
13809
13813
13823
13871
13908
13971
13987
14041
14052
14086
14106
14109
14153
14174
14220
14222
14364
14389
14427
14429
14446
14508
14511
14514
14519
14538
14542
14588
14616
14632
14643
14645
14646
14650
14652
14653
14664
14667
14684
14718
14731
14733
14738
14749
14759
14763
14766
14830
14871
14876
14877
14878
14879
14880
14881
14890
14933
14937
14952
14959
14964
14996
14997
15007
15171
15174
15175
15176
15177
15184
15237
15353
15395
15489
15494
15910
15957
16139
16140
16141
16190
16221
16235
16250
16340
16357
16393
16436
16437
16493
16517
16528
16557
16568
16605
16608
16662
16804
16805
16807
16841
16854
16872
16893
16924
16929
16931
16981
16996
17003
17045
17119
17120
17121
17122
17134
17160
17351
17652
17677
17746
17758
17777
17778
17874
17883
18004
18009
18010
18016
18035
18041
18042
18046
18047
18049
18051
18063
18079
18082
18083
18093
18107
18150
18151
18175
18176
18177
18179
18252
18253
18254
18257
18268
18293
18294
18299
18361
18371
18428
18444
18457
18458
18459
18461
18480
18497
18498
18501
18502
18504
18505
18506
18507
18508
18509
18510
18511
18512
18513
18575
18576
18578
18580
18605
18606
18607
18613
18614
18615
18616
18617
18618
18619
18624
18629
18631
18636
18656
18688
18753
18771
18778
18780
18797
18827
18842
18850
18854
18864
18870
18908
18967
19130
19131
19134
19136
19208
19322
19390
19393
19418
19426
19446
19454
19519
19521
19524
19531
19540
19542
19561
19612
19615
19618
19634
19704
19707
19708
19952
20002
20018
20019
20026
20032
20113
20116
20117
20118
20232
20234
20241
20271
20272
20359
20407
20431
20523
20528
20529
20547
20580
20582
20683
20691
20692
20709
20729
20799
20813
20815
20831
20846
20847
20848
20851
20862
20864
20865
20866
20867
20909
20919
20921
20923
20924
20925
20926
20927
20928
20929
20930
20931
20932
20933
20934
20935
20961
21035
21036
21037
21048
21049
21050
21051
21065
21099
21100
21104
21231
21233
21335
21580
21713
21715
21743
21900
21929
21942
22025
22050
22100
22107
22108
22109
22179
22192
22211
22278
22287
22346
22405
22406
22444
22505
22508
22510
22517
22562
22588
22598
22599
22601
22630
22657
22666
22679
22704
22739
22756
22759
22849
22909
22910
22912
22946
22967
22985
22986
22987
22988
23056
23080
23119
23154
23155
23156
23157
23160
23161
23170
23177
23178
23180
23181
23213
23304
23305
23307
23322
23325
23383
23386
23421
23443
23446
23452
23467
23495
23514
23535
23536
23537
23542
23573
23609
23613
23615
23616
23618
23681
23683
23684
23685
23686
24056
24062
24075
24095
24110
24153
24154
24156
24158
24159
24161
24222
24241
24274
24302
24329
24354
24355
24356
24357
24508
24540
24541
24544
24545
24546
24547
24589
24592
24619
24620
24621
24651
24683
24738
24790
24801
24815
24824
24837
24998
25075
25076
25077
25117
25155
25200
25202
25226
25341
25363
25399
25400
25411
25414
25416
25418
25420
25421
25422
25423
25426
25442
25452
25468
25469
25471
25485
25497
25550
25551
25552
25577
25578
25587
25602
25608
25610
25630
25631
25665
25709
25710
25711
25713
25715
25716
25728
25823
25833
25919
25920
25921
25956
25959
25960
25961
26013
26016
26017
26034
26079
26135
26224
26225
26228
26229
26266
26295
26297
26314
26354
26389
26391
26404
26407
26442
26449
26453
26454
26458
26463
26511
26518
26592
26593
26594
26672
26798
26800
26803
26804
26806
26825
26949
26987
27088
27170
27202
27206
27207
27213
27233
27236
27246
27247
27317
27332
27334
27336
27337
27356
27357
27358
27361
27362
27364
27478
27479
27541
27555
27566
27567
27568
27574
27577
27578
27624
27711
27759
27773
27778
27779
27780
27781
27832
27879
27880
27881
27882
27883
27885
27886
27899
27924
27993
28020
28021
28022
28024
28025
28031
28065
28066
28101
28102
28103
28108
28110
28111
28112
28113
28114
28164
28165
28166
28167
28169
28203
28205
28206
28225
28230
28238
28239
28242
28287
28288
28354
28357
28359
28363
28389
28390
28398
28411
28431
28440
28496
28546
28604
28615
28628
28629
28631
28632
28687
28697
28873
28881
28900
28956
28957
28961
29060
29073
29074
29075
29139
29259
29278
29280
29307
29311
29315
29323
29326
29344
29354
29363
29364
29365
29366
29399
29400
29402
29412
29413
29414
29421
29426
29432
29608
29647
29648
29649
29650
29792
29813
29869
29870
29883
29889
29929
29937
29944
29946
29975
29979
30055
30121
30122
30123
30141
30163
30170
30171
30179
30180
30181
30182
30222
30223
30224
30238
30302
30330
30361
30390
30472
30483
30488
30491
30493
30494
30495
30503
30515
30520
30522
30525
30526
30621
30623
30624
30625
30627
30711
31034
31212
31258
31374
31413
31414
31416
31417
31418
31428
31435
31510
31525
31531
31533
31698
31836
31981
32025
32093
32107
32164
32165
32213
32215
32247
32248
32260
32267
32291
32318
32330
32488
32489
32492
32493
32497
32580
32585
32816
32817
33002
33051
33064
33068
33116
33118
33219
33220
33221
33255
33256
33299
33310
33311
33315
33319
33352
33354
33355
33398
33399
33400
33446
33491
33504
33506
33508
33509
33514
33533
33663
33693
33695
33698
33700
33701
33702
33820
33825
33922
33930
33998
34000
34004
34005
34025
34028
34087
34128
34133
34135
34136
34224
34227
34236
34237
34252
34281
34284
34313
34418
34447
34457
34458
34459
34500
34502
34515
34533
34605
35095
35321
35331
35333
35345
35382
35401
35489
35626
35629
35632
35679
35715
35761
35790
35793
35798
35799
35814
35848
35854
35858
35861
35863
35864
35865
35866
35867
35915
35916
35917
35921
35937
35962
35970
35977
35980
35981
35982
35983
35985
35986
35988
35989
35990
35991
35992
36001
36004
36011
36013
36014
36044
36056
36067
36111
36112
36113
36114
36115
36116
36117
36118
36119
36120
36121
36122
36123
36124
36125
36126
36127
36130
36131
36134
36147
36148
36151
36185
36186
36214
36215
36216
36217
36218
36219
36220
36221
36222
36223
36224
36225
36226
36227
36229
36230
36231
36232
36233
36234
36235
36236
36237
36238
36239
36241
36243
36247
36260
36262
36264
36266
36268
36269
36271
36313
36314
36315
36316
36317
36318
36319
36324
36326
36338
36345
36353
36355
36357
36358
36359
36360
36379
36392
36393
36398
36399
36400
36402
36404
36405
36408
36441
36442
36443
36444
36445
36446
36447
36448
36484
36485
36587
36588
36686
36698
36759
36760
36787
36793
36805
36808
36809
36810
36828
36829
36866
36882
36896
36951
36954
36957
36958
36963
36964
36971
36972
36973
36974
37007
37012
37020
37021
37022
37023
37024
37026
37029
37033
37062
37063
37065
37078
37128
37136
37137
37138
37140
37154
37162
37163
37164
37167
37168
37169
37170
37172
37173
37174
37175
37176
37177
37178
37180
37181
37183
37184
37193
37194
37196
37197
37198
37203
37215
37216
37218
37221
37223
37224
37225
37226
37228
37230
37231
37232
37233
37235
37238
37239
37240
37241
37243
37244
37245
37246
37247
37248
37249
37250
37251
37252
37253
37254
37255
37256
37257
37258
37259
37260
37262
37264
37265
37266
37267
37268
37269
37270
37271
37272
37273
37274
37275
37277
37278
37280
37281
37285
37286
37287
37288
37289
37290
37291
37292
37293
37294
37295
37296
37297
37298
37299
37300
37303
37344
37345
37385
37386
37387
37389
37390
37395
37396
37397
37398
37400
37401
37402
37406
37407
37408
37411
37412
37413
37415
37416
37418
37449
37457
37458
37459
37460
37461
37463
37464
37465
37467
37468
37469
37470
37471
37472
37474
37475
37477
37483
37487
37488
37494
37495
37496
37499
37500
37501
37502
37503
37505
37507
37508
37509
37511
37512
37513
37524
37526
37527
37529
37531
37545
37562
37567
37568
37569
37570
37571
37573
37615
37619
37620
37632
37651
37660
37661
37667
37672
37673
37685
37694
37722
37723
37745
37785
37819
37855
37859
37870
37873
37874
37897
37898
37905
37909
37939
37946
37955
37961
37994
38040
38069
38070
38071
38072
38081
38082
38118
38119
38120
38121
38122
38123
38124
38125
38126
38127
38128
38129
38131
38132
38137
38163
38212
38216
38217
38226
38227
38228
38229
38256
38274
38293
38312
38326
38361
38422
38424
38425
38426
38427
38428
38429
38430
38431
38432
38433
38434
38435
38436
38437
38470
38494
38495
38523
38536
38629
38639
38640
38646
38686
38695
38698
38699
38700
38701
38702
38703
38704
38722
38723
38730
38731
38758
38766
38774
38899
38901
38902
38903
38904
38907
38933
38936
38938
38939
38940
38941
38951
38954
38965
38966
38989
39001
39002
39024
39025
39026
39052
39060
39064
39065
39087
39088
39089
39091
39109
39118
39121
39195
39237
39254
39263
39264
39269
39270
39274
39292
39299
39300
39303
39305
39374
39496
39503
39507
39523
39524
39525
39530
39531
39532
39541
39542
39543
39567
39609
39610
39611
39637
39676
39699
39726
39743
39744
39759
39761
39780
39794
39808
39869
39923
39929
40001
40003
40074
40081
40122
40126
40187
40188
40189
40190
40191
40196
40197
40198
40199
40247
40249
40257
40286
40310
40335
40339
40340
40379
40380
40388
40391
40441
40442
40443
40500
40533
40536
40543
40547
40551
40597
40651
40756
40814
40835
40836
40841
40842
40845
40879
40931
40932
40934
40935
41013
41019
41027
41028
41029
41149
41157
41163
41188
41189
41234
41244
41245
41256
41408
41428
41487
41488
41491
41529
41530
41553
41554
41568
41574
41612
41658
41705
41731
41732
41733
41734
41735
41736
41742
41743
41863
41864
41865
41867
41871
41873
41874
41876
41879
41883
41886
41887
41888
41909
41982
41983
42095
42097
42238
42253
42262
42339
42342
42345
42388
42690
42691
42707
42741
42748
42785
42786
42789
42815
42850
42859
42869
43083
43099
43118
43139
43159
43180
43197
43208
43263
43296
43300
43301
43310
43367
43368
43378
43383
43386
43404
43473
43492
43507
43523
43525
43557
43558
43574
43581
43638
43929
43941
43951
43952
43972
43973
43982
44027
44110
44111
44120
44185
44186
44451
44461
44466
44467
44469
44470
44472
44473
44474
44475
44476
44521
44634
44636
44675
44676
44677
44678
44679
44680
44690
44691
44692
44693
44705
44758
44775
44796
44932
44936
44937
44938
44939
44940
44941
44942
44943
44961
45048
45054
45056
45089
45143
45213
45240
45241
45317
45318
45329
45336
45337
45339
45375
45391
45392
45393
45394
45395
45414
45416
45624
45706
45771
45772
45810
45812
45841
45842
45884
45904
45905
45907
45916
45919
45921
45954
46010
46011
46012
46013
46014
46036
46043
46076
46077
46078
46079
46097
46112
46116
46117
46119
46121
46124
46126
46128
46131
46137
46140
46213
46234
46307
46312
46442
46451
46452
46458
46533
46534
46537
46538
46539
46657
46703
46728
46742
46826
46828
46829
46832
46834
46875
46940
46952
46953
46954
46955
47011
47025
47052
47054
47140
47144
47145
47146
47147
47150
47151
47152
47153
47155
47156
47157
47159
47161
47170
47217
47218
47243
47247
47276
47301
47341
47374
47464
47533
47534
47537
47539
47550
47573
47576
47629
47630
47632
47644
47654
47656
47664
47665
47666
47667
47668
47669
47670
47672
47673
47684
47685
47691
47694
47696
47697
47721
47725
47726
47727
47728
47729
47730
47731
47759
47760
47761
47763
47764
47860
47888
47889
47891
47957
47968
48030
48031
48032
48034
48037
48039
48042
48044
48055
48061
48065
48070
48071
48086
48118
48119
48289
48352
48358
48669
48670
48679
48687
48700
48702
48736
48745
48746
48766
48768
48811
48873
48874
48880
48882
48928
48943
48944
48991
48992
48994
48997
48998
49000
49018
49019
49020
49032
49049
49050
49052
49057
49058
49063
49087
49119
49131
49189
49247
49266
49267
49268
49270
49275
49277
49278
49282
49287
49294
49305
49313
49314
49315
49347
49349
49362
49364
49423
49424
49425
49426
49436
49483
49532
49559
49560
49568
49570
49598
49619
49663
49666
49693
49694
49696
49700
49701
49808
49811
49816
49817
49851
49854
49861
49883
49886
49887
49892
49938
49977
49979
49983
50017
50022
50026
50159
50160
50167
50209
50222
50323
50331
50334
50502
50512
50513
50535
50581
50596
50598
50599
50658
50665
50674
50681
50686
50697
50766
50811
50814
50900
50945
51212
51359
51498
51518
51563
51610
51621
51928
51935
51943
51944
51945
51947
52129
52170
52353
52392
52394
52484
52485
52586
52606
52707
52764
52771
52772
52781
52782
52783
52784
52786
52788
52789
52790
52826
52827
53047
53195
53196
53212
53216
53386
53407
53418
53575
53581
53587
53640
53647
53669
53676
53687
53703
53728
53729
53735
53736
53737
53738
53739
53740
53741
53742
53743
53744
53745
53746
53747
53748
53749
53750
53751
53752
53753
53754
53755
53757
53758
53759
53760
53761
53762
53764
53765
53766
53767
53768
53769
53770
53771
53772
53773
53774
53775
53778
53779
53785
53786
53787
53788
53789
53794
53800
53801
53802
53803
53804
53805
53889
53890
53898
53925
53926
53927
53932
53933
53934
53935
53936
53937
53938
53939
53940
53950
53951
53952
53954
53963
53984
54038
54043
54057
54155
54158
54172
54173
54186
54234
54254
54256
54257
54258
54270
54276
54277
54289
54293
54295
54297
54301
54338
54356
54371
54372
54374
54433
54435
54438
54529
54539
54550
54551
54552
54579
54602
54603
54604
54607
54608
54614
54615
54675
54676
54705
54724
54725
54726
54727
54728
54734
54760
54764
54770
54819
54823
54862
54863
54864
54903
54942
55015
55020
55024
55032
55033
55058
55059
55060
55061
55065
55100
55101
55110
55113
55144
55254
55300
55301
55354
55426
55461
55462
55467
55479
55577
55578
55579
55580
55581
55582
55617
55653
55654
55680
55681
55684
55703
55708
55723
55770
55775
55783
56055
56091
56093
56094
56108
56112
56113
56114
56116
56117
56118
56119
56159
56239
56261
56301
56303
56335
56338
56391
56403
56415
56416
56426
56449
56569
56626
56627
56628
56648
56665
56680
56684
56686
56726
56756
56757
56758
56759
56842
56844
56846
56847
56849
56865
56929
56930
56931
56932
56933
56934
56951
56993
56995
56999
57001
57010
57105
57129
57150
57200
57201
57202
57266
57267
57268
57269
57284
57285
57286
57566
57567
57569
57571
57607
57670
57751
57754
57755
57919
57933
57978
57995
58015
58033
58054
58155
58161
58163
58167
58245
58250
58252
58256
58311
58345
58387
58646
58709
58719
58850
58864
58865
58871
58911
58912
58913
58914
58915
58916
58917
58918
58919
58948
58949
58957
58958
58959
58960
58961
58962
58963
58984
59035
59049
59050
59077
59078
59117
59160
59200
59250
59336
59664
59825
59844
59845
59919
60003
60010
60011
60013
60022
60188
60191
60195
60199
60200
60329
60344
60346
60348
60355
60368
60375
60376
60392
60429
60490
60491
60493
60533
60575
60589
60601
60604
60605
60606
60607
60608
60638
60712
60901
61001
61103
61113
61118
61141
61171
61172
61212
61213
61216
61217
61222
61260
61275
61276
61339
61340
61343
61345
61346
61347
61390
61408
61409
61410
61411
61412
61413
61414
61415
61416
61417
61418
61419
61420
61421
61422
61424
61426
61429
61444
61479
61498
61501
61504
61533
61534
61539
61545
61566
61601
61649
61700
61730
61821
61827
61828
61860
61955
61956
61958
61959
61960
61962
62115
62241
62242
62244
62246
62247
62248
62249
62250
62251
62252
62253
62254
62255
62256
62257
62258
62260
62264
62273
62277
62279
62280
62281
62282
62283
62284
62285
62301
62422
62423
62424
62426
62428
62429
62458
62461
62462
62463
62464
62465
62466
62467
62468
62472
62473
62474
62475
62476
62477
62478
62479
62480
62481
62482
62484
62485
62486
62487
62488
62495
62496
62498
62499
62500
62502
62503
62506
62507
62508
62509
62535
62571
62628
62680
62718
62835
62891
62893
62900
62914
62930
62940
62946
62948
63012
63013
63014
63015
63016
63017
63018
63019
63020
63024
63025
63026
63029
63030
63031
63032
63033
63035
63037
63038
63039
63051
63052
63122
63130
63131
63151
63276
63277
63278
63279
63280
63281
63286
63332
63333
63343
63376
63378
63379
63380
63384
63686
63714
63750
63855
63893
63895
63927
63929
63933
64044
64048
64086
64087
64088
64089
64090
64091
64092
64093
64094
64095
64096
64098
64140
64172
64174
64276
64288
64291
64377
64490
64491
64492
64493
64494
64496
64497
64498
64541
64544
64549
64961
64988
64993
65163
65183
65189
65212
65242
65264
65280
65281
65284
65286
65301
65339
65340
65376
65517
65518
65554
65565
65601
65708
65730
65731
65754
65844
65855
65856
65871
65923
65970
65986
66140
66151
66186
66202
66203
66220
66231
66234
66235
66236
66237
66238
66239
66240
66241
66242
66243
66244
66246
66249
66250
66253
66260
66262
66269
66270
66303
66308
66337
66338
66375
66376
66390
66391
66393
66396
66397
66405
66408
66409
66411
66413
66414
66443
66444
66449
66452
66491
66523
66565
66598
66600
66602
66603
66604
66605
66655
66676
66693
66697
66941
66955
66960
66991
67217
67224
67227
67229
67371
67373
67376
67407
67420
67423
67424
67425
67437
67451
67452
67715
67717
67719
67729
67731
67732
67733
67734
67736
67737
67738
67739
67744
67745
67746
67748
67749
67750
67751
67753
67754
67755
67756
67758
67760
67761
67762
67763
67764
67765
67766
67767
67768
67769
67771
67779
67780
67781
67782
67787
67801
67805
67807
67809
67811
67818
67826
67832
67958
67959
67960
67962
67965
67966
67980
67982
67983
67984
67985
67990
68021
68022
68031
68035
68057
68059
68237
68240
68269
68271
68277
68284
68293
68294
68295
68297
68452
68461
68535
68551
68565
68572
68591
68602
68607
68618
68630
68669
68673
68674
68681
68693
68703
68707
68715
68730
68738
68740
68741
68748
68749
68754
68756
68757
68807
68808
68812
68935
68953
68959
68961
68962
68963
68964
68966
68967
68968
68969
68970
68972
68973
69028
69069
69081
69083
69103
69163
69165
69179
69181
69182
69184
69185
69187
69188
69189
69190
69191
69192
69193
69194
69195
69196
69203
69214
69253
69295
69315
69316
69318
69321
69365
69381
69383
69384
69385
69386
69388
69425
69426
69427
69428
69429
69430
69431
69432
69433
69434
69435
69436
69437
69439
69466
69467
69484
69494
69496
69596
69698
69874
69942
69943
69944
69960
69961
70129
70131
70167
70192
70226
70232
70233
70246
70247
70248
70249
70250
70252
70253
70255
70256
70257
70258
70259
70260
70262
70263
70264
70266
70267
70268
70269
70277
70278
70279
70280
70281
70282
70283
70284
70285
70286
70287
70288
70289
70290
70291
70292
70293
70294
70295
70296
70297
70298
70299
70300
70301
70302
70303
70304
70305
70306
70307
70322
70323
70326
70359
70391
70392
70393
70394
70395
70417
70423
70424
70425
70426
70427
70428
70429
70430
70431
70432
70463
70564
70565
70585
70607
70705
70775
70818
70886
70960
71259
71594
71734
71735
71763
71802
71926
71955
72048
72104
72105
72109
72183
72196
72199
72203
72217
72266
72268
72286
72297
72299
72304
72305
72333
72334
72335
72336
72337
72338
72339
72340
72341
72342
72343
72347
72348
72353
72354
72356
72357
72358
72359
72360
72361
72362
72394
72414
72651
72654
72655
72669
72706
72710
72711
72739
72753
72754
72767
72790
72814
72815
72834
72835
72836
72906
72915
72940
72941
72942
72946
72968
72979
72993
73010
73016
73023
73083
73084
73206
73208
73228
73238
73243
73259
73260
73314
73340
73341
73369
73373
73374
73377
73380
73430
73431
73432
73434
73435
73436
73439
73440
73441
73444
73445
73447
73448
73452
73680
73712
73716
73723
73724
73756
73763
73801
73802
73820
73825
73828
73829
73920
73928
73930
73932
74055
74116
74120
74199
74206
74218
74243
74279
74285
74286
74287
74288
74289
74290
74291
74292
74293
74294
74297
74298
74299
74300
74393
74394
74395
74396
74397
74398
74399
74403
74404
74405
74406
74407
74408
74409
74412
74414
74415
74416
74417
74418
74419
74420
74421
74422
74423
74424
74425
74426
74427
74428
74429
74430
74431
74432
74433
74434
74435
74436
74437
74438
74439
74440
74441
74442
74443
74444
74445
74446
74447
74448
74449
74450
74451
74452
74453
74455
74456
74457
74458
74459
74460
74461
74462
74463
74466
74467
74468
74470
74472
74474
74475
74476
74477
74478
74479
74480
74481
74482
74483
74484
74486
74488
74489
74490
74491
74492
74493
74494
74495
74517
74519
74520
74529
74530
74531
74532
74533
74534
74535
74541
74542
74553
74561
74625
74628
74640
74652
74659
74662
74663
74677
74755
74773
74792
74863
74900
74901
74906
74910
74913
74930
74932
74933
74934
75015
75027
75055
75146
75177
75180
75182
75183
75184
75185
75186
75188
75190
75191
75192
75215
75216
75217
75218
75232
75235
75236
75237
75239
75389
75440
75457
75458
75459
75515
75520
75521
75531
75533
75534
75568
75623
75624
75625
75626
75627
75688
75689
75702
75758
75847
75853
75855
75856
75858
75867
75869
75876
75898
75899
75902
75907
75940
75942
75943
75989
76017
76043
76044
76045
76190
76192
76193
76194
76210
76287
76319
76325
76368
76370
76412
76444
76616
76637
76704
76800
76803
76805
76836
76917
77014
77016
77048
77050
77052
77084
77085
77130
77136
77138
77139
77140
77143
77170
77171
77188
77218
77219
77220
77221
77244
77245
77246
77247
77373
77374
77470
77471
77473
77476
77479
77480
77483
77484
77551
77552
77570
77578
77581
77591
77597
77598
77599
77600
77602
77603
77604
77605
77606
77607
77608
77609
77610
77611
77613
77615
77616
77619
77620
77623
77625
77627
77642
77646
77647
77648
77654
77669
77690
77706
77746
77756
77760
77812
77854
77858
77863
77878
77901
77929
77938
77939
77940
77941
78032
78034
78036
78037
78038
78039
78045
78046
78048
78049
78050
78051
78052
78053
78054
78055
78057
78059
78060
78062
78063
78064
78066
78067
78068
78069
78070
78071
78072
78073
78075
78076
78077
78078
78079
78080
78081
78082
78083
78084
78087
78088
78089
78091
78092
78093
78096
78176
78256
78282
78294
78319
78398
78404
78405
78406
78408
78474
78478
78479
78490
78491
78492
78493
78494
78496
78523
78525
78528
78541
78542
78597
78659
78667
78706
78747
78749
78751
78752
78753
78762
78766
78769
78796
78798
78799
78801
78804
78805
78811
78814
78817
78820
78823
78919
78967
78968
79044
79093
79114
79176
79190
79197
79199
79200
79201
79204
79205
79207
79225
79226
79227
79228
79229
79350
79368
79369
79397
79419
79467
79520
79656
79658
79659
79660
79661
79662
79676
79678
79682
79685
79686
79689
79701
79746
79790
79791
79802
79813
79835
79851
79873
79916
79922
79924
79925
79927
79928
79930
79931
79933
79934
79936
79938
79939
79940
79942
79943
79945
79946
79947
79948
79950
79951
79953
79954
79955
79957
79958
79959
79960
79961
79964
79965
79966
79967
79968
79969
79971
79972
79973
79974
79975
79976
79977
79978
79979
79980
79981
79983
79985
79986
79987
79988
80127
80149
80159
80171
80177
80191
80192
80195
80196
80197
80198
80199
80205
80237
80238
80239
80276
80378
80442
80545
80548
80599
80607
80694
80698
80723
80724
80736
80763
80768
80778
80787
80818
80823
80825
80837
80838
80839
80840
80846
80860
80861
80864
80913
80918
80931
80932
80970
80985
80993
80995
80996
81011
81012
81014
81016
81034
81109
81145
81166
81172
81173
81179
81186
81201
81297
81299
81372
81374
81386
81404
81414
81421
81496
81500
81506
81528
81529
81530
81531
81562
81566
81569
81573
81574
81575
81576
81577
81578
81579
81580
81581
81582
81583
81585
81624
81674
81675
81676
81677
81679
81684
81686
81687
81689
81696
81697
81710
81714
81717
81719
81721
81728
81729
81737
81740
81811
81813
81821
81846
81847
81850
81851
81853
81854
81855
81857
81858
81859
81860
81861
81862
81863
81864
81865
81866
81867
81886
81947
82046
82079
82120
82121
82122
82123
82126
82129
82132
82133
82150
82151
82193
82200
82204
82205
82207
82208
82214
82231
82233
82290
82291
82292
82293
82321
82322
82383
82384
82490
82510
82524
82530
82572
82714
82715
82716
82717
82718
82719
82720
82721
82722
82723
82724
82725
82726
82727
82728
82729
82756
82770
82777
82780
82821
82896
82900
82994
82995
82996
82998
82999
83000
83012
83016
83067
83078
83079
83083
83084
83124
83172
83250
83252
83253
83255
83285
83295
83313
83321
83323
83327
83329
83332
83346
83350
83402
83441
83453
83473
83475
83503
83532
83542
83543
83544
83545
83546
83547
83548
83549
83550
83552
83683
83687
83688
83694
83727
83731
83737
83743
83751
83796
83797
83834
83841
83868
83869
83915
83920
83929
83933
83945
84042
84048
84049
84050
84051
84052
84053
84055
84056
84057
84058
84081
84083
84084
84098
84122
84171
84189
84222
84307
84397
84472
84493
84501
84506
84519
84521
84542
84547
84549
84574
84582
84583
84585
84587
84590
84592
84627
84687
84688
84689
84701
84705
84719
84728
84729
84756
84758
84767
84793
84801
84864
84866
84872
84873
84905
84984
84986
84987
84988
84989
84990
84991
84993
84994
84995
84996
84997
84998
85004
85005
85031
85032
85204
85210
85214
85215
85247
85248
85249
85250
85303
85316
85338
85339
85367
85369
85386
85421
85422
85423
85424
85436
85437
85438
85502
85503
85520
85557
85558
85560
85561
85631
85767
85770
85771
85772
85799
85876
85888
85915
86072
86073
86084
86092
86414
86432
86434
86435
86437
86438
86439
86445
86446
86513
86517
86518
86528
86670
86721
86722
86773
86804
86837
86861
86868
86870
86890
86895
86912
86977
86979
86980
86982
87113
87217
87218
87220
87221
87222
87223
87224
87225
87226
87227
87233
87234
87235
87236
87237
87238
87239
87245
87246
87247
87248
87249
87250
87251
87332
87389
87390
87393
87395
87593
87615
87616
87625
87630
87691
87700
87717
87718
87720
87727
87750
87782
87864
87876
87897
87936
87948
87988
88029
88039
88041
88052
88060
88287
88291
88293
88294
88297
88311
88318
88320
88321
88348
88354
88411
88412
88421
88433
88438
88441
88446
88473
88493
88540
88562
88564
88595
88598
88599
88635
88676
88715
88727
88731
88734
88741
88750
88751
88907
88939
88953
88954
89073
89155
89211
89216
89227
89248
89256
89279
89328
89329
89330
89331
89332
89333
89420
89485
89486
89488
89501
89511
89536
89540
89594
89600
89688
89689
89691
89693
89695
89696
89701
89704
89705
89706
89707
89708
89709
89710
89711
89712
89719
89721
89722
89723
89725
89726
89727
89728
89743
89751
89811
89812
89841
89875
89876
89879
89880
89881
89942
89948
90005
90012
90013
90014
90015
90047
90051
90052
90068
90128
90139
90175
90188
90189
90222
90223
90243
90244
90322
90349
90367
90368
90369
90388
90390
90391
90478
90502
90512
90537
90581
90600
90601
90610
90612
90613
90614
90615
90616
90632
90667
90735
90782
90783
90784
90785
90787
90789
90790
90794
90795
90796
90797
90798
90799
90801
90815
90840
90874
90899
90931
90967
90968
91085
91135
91205
91210
91222
91252
91273
91322
91341
91350
91391
91420
91422
91433
91442
91454
91517
91573
91596
91609
91611
91612
91626
91628
91640
91651
91790
91868
91952
91985
91986
91987
91988
92110
92161
92290
92294
92299
92382
92388
92393
92411
92412
92413
92414
92415
92423
92424
92429
92430
92431
92432
92433
92434
92435
92454
92469
92493
92509
92574
92627
92704
92705
92826
92836
92874
92876
92901
92904
92905
92906
92907
92908
92909
92911
92913
92914
92915
92922
92931
92936
92937
92941
92942
92944
92946
92947
92948
92949
92950
92982
93007
93008
93044
93046
93047
93049
93052
93053
93158
93159
93200
93258
93259
93321
93323
93328
93341
93344
93345
93356
93377
93382
93424
93432
93438
93509
93545
93650
93714
93716
93717
93739
93865
93885
94040
94235
94236
94244
94259
94314
94335
94406
94421
94429
94441
94504
94548
94696
94770
94892
94893
94896
94919
94929
94955
94957
94985
95010
95013
95095
95122
95225
95258
95300
95419
95445
95504
95506
95526
95609
95618
95636
95637
95642
95643
95646
95679
95754
95779
95780
95781
95782
95783
95784
95785
95786
95788
95790
95792
95795
95796
95798
95800
95801
95802
95810
95811
95824
95825
95826
95948
95949
96046
96047
96088
96113
96130
96167
96335
96340
96345
96347
96375
96380
96537
96600
96633
96643
96645
96668
96675
96756
96757
96758
96759
96775
96787
96788
96806
96826
96849
96861
96863
96865
96893
96894
96895
96897
96918
96972
96977
96978
96992
97017
97045
97112
97122
97125
97133
97134
97149
97150
97170
97197
97305
97387
97388
97392
97447
97477
97543
97545
97550
97561
97825
97927
97942
97945
97946
97984
97990
98048
98053
98057
98068
98077
98217
98283
98284
98286
98294
98341
98342
98367
98370
98371
98425
98426
98427
98428
98429
98430
98431
98456
98510
98514
98515
98516
98517
98519
98604
98605
98606
98607
98608
98636
98638
98687
98693
98695
98781
98803
98866
98869
98871
98872
98874
98882
98936
99092
99110
99116
99130
99145
99162
99244
99245
99255
99457
99459
99505
99538
99541
99600
99601
99658
99740
99741
99748
99796
99806
99809
99810
99859
99870
99872
99889
99902
99906
99925
99926
99941
99950
99951
99952
99953
99954
99955
99956
99957
99958
99959
99960
99962
100021
100022
100023
100024
100025
100032
100040
100205
100227
100289
100403
100405
100434
100437
100441
100443
100444
100447
100448
100449
100450
100451
100474
100479
100492
100494
100498
100501
100511
100517
100526
100557
100562
100563
100564
100565
100568
100600
100651
100652
100653
100654
100660
100661
100665
100705
100743
100744
100763
100799
100857
100858
100941
100986
101066
101072
101073
101075
101107
101153
101162
101164
101180
101181
101185
101195
101265
101266
101267
101268
101269
101287
101322
101375
101399
101437
101442
101474
101497
101518
101546
101649
101717
101718
101719
101720
101737
101778
101784
101790
101792
101799
101820
101822
101920
101930
101949
101950
101951
101952
101953
101954
101955
101956
101961
101962
101963
101993
101994
101995
101999
102000
102001
102002
102003
102004
102005
102006
102007
102008
102009
102010
102011
102012
102013
102014
102031
102033
102041
102132
102134
102140
102154
102179
102187
102188
102313
102315
102338
102403
102427
102440
102441
102445
102447
102523
102525
102528
102551
102552
102554
102561
102600
102694
102713
102727
102774
102797
102932
102935
103023
103075
103103
103127
103132
103133
103134
103149
103150
103152
103157
103160
103161
103162
103178
103179
103180
103181
103182
103184
103186
103193
103232
103247
103276
103318
103360
103449
103450
103453
103454
103456
103470
103472
103487
103491
103671
103707
103708
103718
103731
103740
103741
103742
103743
103809
103810
103811
103812
103813
103824
103831
103832
103837
103840
103845
103865
103866
103888
103890
103892
103895
103906
103965
103968
103970
103971
104003
104004
104006
104007
104010
104011
104017
104086
104138
104139
104176
104195
104196
104213
104215
104219
104249
104254
104275
104288
104337
104338
104343
104346
104348
104349
104350
104352
104354
104359
104420
104450
104451
104468
104481
104521
104529
104559
104560
104561
104562
104563
104564
104565
104566
104567
104568
104569
104591
104625
104661
104803
104878
104879
104908
104934
104949
104950
105075
105076
105078
105086
105088
105129
105153
105155
105168
105191
105214
105244
105255
105278
105422
105426
105438
105439
105440
105441
105442
105443
105456
105509
105541
105543
105590
105592
105739
105740
105741
105742
105743
105744
105745
105777
105780
105781
105782
105783
105784
105789
105860
105875
105881
105907
105951
105969
106004
106051
106057
106058
106059
106060
106061
106062
106063
106108
106113
106114
106134
106135
106136
106137
106138
106139
106144
106177
106207
106212
106218
106238
106239
106264
106289
106290
106291
106292
106293
106294
106295
106297
106299
106307
106314
106322
106329
106359
106407
106408
106526
106534
106634
106653
106654
106655
106656
106691
106693
106694
106695
106696
106726
106734
106818
106834
106854
106879
106923
106947
106981
107070
107099
107100
107186
107195
107199
107200
107217
107435
107436
107437
107440
107441
107443
107446
107451
107452
107453
107454
107474
107476
107516
107517
107518
107519
107524
107529
107535
107537
107538
107543
107597
107640
107671
107724
107835
107849
107852
107917
107920
107928
107938
107957
107974
107986
107987
108009
108010
108011
108012
108015
108016
108017
108019
108021
108023
108087
108089
108090
108093
108108
108249
108279
108291
108292
108294
108298
108328
108329
108330
108331
108334
108377
108378
108394
108400
108401
108417
108438
108465
108494
108514
108554
108595
108651
108731
108742
108757
108818
108820
108838
108839
108880
108916
108918
108938
108939
108940
109053
109066
109070
109071
109097
109100
109157
109203
109270
109271
109272
109328
109356
109375
109386
109403
109408
109446
109474
109483
109534
109539
109541
109572
109596
109599
109600
109601
109602
109603
109604
109606
109607
109608
109609
109610
109612
109613
109615
109624
109677
109724
109729
109739
109750
109751
109773
109774
109775
109858
109868
109869
109948
109956
110048
110049
110062
110143
110148
110149
110223
110224
110225
110227
110229
110230
110237
110239
110244
110261
110269
110270
110271
110277
110278
110353
110358
110359
110432
110434
110435
110462
110467
110485
110496
110497
110498
110499
110500
110504
110526
110568
110581
110588
110589
110600
110641
110648
110658
110690
110775
110776
110778
110779
110780
110783
110790
110815
110867
110885
110917
110919
110922
110923
110961
110987
111060
111081
111097
111231
111232
111237
111243
111244
111245
111246
111247
111248
111249
111250
111251
111255
111271
111272
111274
111308
111317
111322
111330
111331
111339
111340
111359
111361
111554
111604
111613
111676
111760
111761
111762
111791
111793
111805
111847
111848
111849
111850
111851
111854
111876
111877
111878
111889
111894
111895
111896
111899
111922
111925
111927
111929
111991
112063
112133
112146
112147
112148
112150
112151
112152
112246
112248
112249
112262
112263
112269
112298
112305
112330
112334
112338
112340
112341
112342
112349
112353
112354
112355
112357
112358
112360
112362
112363
112369
112371
112397
112398
112400
112401
112402
112403
112404
112405
112419
112420
112421
112435
112443
112445
112446
112447
112448
112449
112450
112451
112452
112455
112456
112465
112466
112468
112470
112481
112488
112489
112490
112491
112496
112497
112498
112499
112500
112501
112502
112503
112504
112505
112506
112507
112508
112509
112510
112511
112512
112513
112540
112541
112542
112587
112588
112589
112590
112591
112592
112593
112594
112595
112596
112604
112641
112649
112650
112651
112652
112653
112655
112656
112657
112658
112664
112673
112674
112686
112687
112688
112689
112691
112692
112693
112694
112695
112696
112697
112698
112699
112701
112702
112703
112705
112770
112782
112783
112784
112785
112801
112809
112817
112818
112822
112838
112841
112880
112881
112883
112884
112885
112886
112887
112888
112889
112890
112891
112893
112905
112914
112942
112943
112944
112951
112958
112963
112964
112965
112969
112975
112976
112978
112989
113000
113001
113002
113003
113005
113006
113007
113008
113009
113010
113011
113012
113014
113016
113018
113023
113025
113040
113066
113067
113070
113071
113072
113077
113078
113080
113081
113082
113083
113084
113085
113086
113087
113088
113089
113090
113091
113092
113093
113094
113095
113127
113134
113135
113151
113158
113162
113229
113230
113231
113232
113233
113234
113235
113254
113258
113259
113260
113261
113262
113263
113264
113265
113266
113267
113268
113269
113270
113277
113281
113282
113283
113284
113287
113292
113311
113312
113313
113323
113324
113325
113326
113327
113328
113329
113330
113331
113332
113333
113344
113361
113369
113372
113375
113376
113387
113391
113436
113438
113440
113443
113445
113446
113448
113450
113452
113454
113456
113457
113458
113459
113486
113511
113514
113516
113518
113534
113564
113584
113608
113614
113628
113629
113630
113635
113649
113650
113651
113652
113653
113654
113658
113665
113666
113676
113718
113724
113810
113811
113812
113864
113874
113875
113877
113887
113899
113902
113906
113925
114034
114040
114044
114051
114055
114062
114070
114089
114091
114092
114098
114102
114104
114105
114108
114149
114150
114161
114184
114188
114192
114197
114201
114309
114347
114373
114391
114394
114460
114488
114512
114612
114685
114705
114706
114732
114733
114736
114738
114740
114742
114743
114744
114745
114748
114758
114761
114807
114808
114825
114835
114836
114837
114838
114869
114871
114885
114886
114888
114889
114926
114954
114967
114968
115007
115008
115048
115050
115204
115236
115238
115244
115246
115250
115292
115310
115371
115587
115615
115617
115620
115622
115636
115660
115661
115662
115729
115732
115735
115749
115754
115756
115757
115758
115759
115760
115761
115763
115764
115768
115780
115882
115885
115908
115917
115932
115952
115955
115980
115985
116022
116024
116034
116036
116045
116050
116137
116138
116140
116141
116142
116143
116144
116145
116146
116147
116148
116149
116150
116151
116152
116153
116154
116155
116156
116157
116159
116160
116161
116162
116163
116164
116165
116166
116167
116168
116169
116170
116171
116172
116173
116174
116175
116176
116178
116179
116183
116184
116207
116208
116225
116247
116250
116276
116287
116289
116349
116370
116386
116443
116461
116503
116650
116651
116716
116742
116747
116754
116867
116871
116891
116892
116901
117028
117029
117076
117084
117095
117148
117149
117151
117152
117153
117155
117195
117213
117282
117395
117424
117468
117480
117489
117490
117545
117555
117556
117558
117592
117593
117601
117640
117645
117728
117731
117742
117777
117779
117798
117799
117801
117808
117811
117898
117899
117906
118066
118067
118098
118107
118236
118262
118335
118336
118339
118348
118379
118471
118473
118474
118475
118476
118531
118533
118572
118573
118574
118575
118696
118781
118782
118783
118784
118785
118797
118798
118810
118906
118908
118910
118950
118951
119033
119034
119035
119086
119155
119156
119187
119279
119313
119320
119321
119322
119344
119349
119355
119356
119364
119389
119394
119405
119435
119577
119581
119643
119644
119645
119678
119684
119687
119719
119795
119810
119846
119849
119850
119886
119889
119892
119912
119947
119969
119970
119971
119972
119973
119985
120006
120008
120018
120042
120069
120070
120086
120175
120177
120186
120187
120188
120191
120205
120224
120236
120237
120238
120240
120369
120445
120700
120701
120703
120705
120716
120763
120902
120903
120914
120925
120930
120935
120936
121002
121003
121038
121039
121042
121043
121044
121046
121079
121108
121126
121187
121286
121287
121328
121377
121412
121476
121494
121495
121498
121508
121596
121716
121724
121738
121739
121740
121742
121743
121744
121745
121746
121747
121748
121749
121751
121784
121785
121786
121787
121804
121815
121817
121818
121819
121825
121834
121844
121849
121850
121854
121864
121865
121866
121867
121881
121882
121883
121884
122019
122112
122123
122566
122606
122767
122772
122864
122890
122999
123133
123136
123178
123219
123225
123256
123270
123281
123308
123335
123444
123467
123470
123539
123568
123735
123789
124185
124246
124269
124331
124335
124341
124532
124615
124630
124646
124649
124686
124687
124752
124778
124968
124969
125025
125049
125064
125409
125448
125449
125562
125624
125807
125896
125899
125900
125917
126018
126019
126022
126024
126034
126059
126157
126165
126172
126173
126174
126175
126176
126177
126178
126180
126183
126184
126185
126186
126187
126189
126192
126240
126241
126242
126324
126335
126421
126452
126461
126503
126504
126505
126506
126507
126508
126509
126510
126511
126512
126513
126581
126606
126611
126612
126613
126615
126616
126617
126618
126619
126620
126621
126622
126623
126624
126625
126626
126627
126628
126636
126637
126638
126639
126640
126641
126642
126643
126644
126645
126647
126649
126650
126700
126702
126705
126706
126707
126708
126709
126710
126711
126712
126713
126714
126715
126716
126722
126723
126724
126725
126728
126729
126730
126731
126732
126779
126798
126831
126915
127050
127123
127124
127125
127131
127133
127138
127142
127166
127172
127175
127191
127194
127201
127294
127306
127353
127355
127448
127457
127461
127468
127563
127573
127597
127598
127716
127724
127774
127775
127777
127778
127779
127806
127817
127827
127957
127960
127961
127962
127974
127979
128031
128052
128131
128239
128245
128257
128322
128403
128406
128410
128425
128453
128479
128494
128500
128501
128502
128504
128530
128635
128648
128801
128808
128838
128885
128952
128973
128983
129007
129014
129087
129091
129105
129131
129222
129224
129233
129246
129384
129404
129412
129435
129448
129449
129460
129462
129510
129511
129512
129513
129514
129515
129516
129517
129518
129519
129521
129522
129574
129593
129594
129595
129596
129597
129598
129599
129600
129601
129611
129614
129687
129731
129770
129805
129807
129823
129844
129927
129928
129929
129942
129943
129948
129949
129950
129951
129952
129953
129954
129955
129960
129976
129988
129992
130039
130043
130058
130059
130093
130098
130100
130111
130112
130113
130114
130116
130129
130130
130131
130132
130133
130141
130165
130181
130230
130231
130234
130250
130294
130344
130364
130370
130400
130433
130452
130470
130521
130529
130531
130560
130573
130581
130588
130609
130629
130743
130745
130746
130747
130748
130749
130750
130756
130757
130758
130759
130760
130761
130762
130763
130764
130765
130778
130780
130781
130782
130784
130785
130787
130789
130790
130791
130795
130796
130800
130809
130810
130812
130813
130814
130890
130892
130893
130902
130946
130948
130949
130950
130951
130952
130953
130955
130957
130958
131035
131041
131051
131054
131058
131090
131170
131171
131172
131173
131224
131225
131229
131239
131374
131375
131376
131421
131427
131540
131622
131626
131717
131722
131732
131734
131735
131736
131748
131756
131758
131779
131800
131803
131804
131823
131859
131889
131891
131901
131906
131967
132120
132121
132125
132127
132128
132129
132130
132131
132149
132150
132151
132153
132164
132165
132166
132197
132198
132212
132218
132220
132238
132328
132329
132331
132333
132339
132347
132358
132359
132360
132361
132362
132363
132364
132365
132366
132368
132370
132372
132373
132374
132376
132378
132379
132380
132382
132383
132384
132386
132388
132389
132390
132392
132393
132394
132395
132397
132399
132400
132401
132402
132403
132404
132405
132406
132408
132409
132410
132411
132412
132413
132414
132415
132416
132419
132420
132421
132422
132425
132427
132429
132433
132435
132436
132443
132454
132467
132476
132481
132482
132559
132572
132580
132691
132725
132734
132736
132754
132767
132770
132817
132829
132836
132981
133181
133192
133215
133217
133219
133220
133338
133387
133396
133398
133402
133403
133409
133510
133512
133608
133667
133675
133676
133679
133680
133690
133691
133717
133718
133719
133720
133721
133722
133723
133724
133725
133726
133727
133728
133729
133730
133732
133733
133734
133736
133737
133738
133739
133740
133747
133748
133749
133751
133752
133753
133754
133755
133756
133757
133758
133759
133760
133761
133762
133763
133764
133765
133766
133767
133768
133769
133770
133771
133772
133773
133774
133775
133776
133777
133778
133779
133780
133781
133782
133783
133784
133785
133786
133787
133788
133789
133790
133791
133792
133793
133794
133795
133796
133797
133798
133858
133860
133867
133962
133975
134038
134057
134204
134232
134261
134334
134372
134390
134423
134425
134428
134435
134436
134437
134459
134461
134462
134463
134468
134469
134470
134471
134473
134524
134528
134532
134543
134585
134594
134696
134714
134914
134951
134960
134961
134971
134983
135099
135174
135176
135195
135196
135201
135202
135214
135245
135255
135275
135452
135471
135472
135477
135479
135558
135736
135802
135805
135809
135816
135873
135974
135990
135992
136008
136034
136047
136048
136058
136125
136150
136213
136225
136226
136249
136311
136336
136371
136483
136600
136601
136602
136603
136605
136643
136756
136764
136775
136776
136777
136778
136780
136803
136804
136806
136808
136809
136828
136837
136838
136839
136840
136841
136846
136847
136852
136853
136854
136855
136856
136857
136859
136860
136861
136862
136863
136864
136866
136867
136868
136869
136870
136871
136872
136873
136874
136875
136876
136877
136878
136879
136880
136881
136882
136883
136884
136885
136886
136887
136888
136890
136891
136892
136893
136894
136895
136896
136897
136898
136900
136901
136903
136904
136905
136906
136907
136908
136909
136910
136911
136912
136913
136926
136927
136930
136932
136933
136935
136937
136938
136939
136941
136942
136943
136944
136991
136992
136993
136994
136995
136996
136997
136998
136999
137000
137001
137008
137027
137036
137062
137063
137088
137089
137090
137091
137092
137093
137094
137095
137096
137097
137098
137099
137100
137101
137102
137103
137104
137105
137106
137107
137108
137109
137110
137112
137113
137114
137115
137116
137117
137118
137119
137120
137122
137123
137124
137125
137127
137130
137131
137132
137173
137174
137175
137186
137188
137190
137191
137193
137194
137195
137196
137197
137198
137200
137202
137204
137206
137213
137214
137215
137216
137217
137218
137219
137220
137221
137222
137223
137224
137225
137226
137227
137228
137229
137230
137231
137232
137233
137234
137235
137236
137237
137238
137239
137240
137241
137242
137243
137262
137263
137265
137267
137268
137271
137275
137276
137279
137280
137282
137283
137284
137285
137286
137287
137288
137289
137290
137291
137292
137294
137295
137296
137297
137298
137304
137311
137313
137314
137315
137316
137317
137318
137329
137330
137331
137332
137333
137334
137335
137336
137337
137338
137339
137340
137341
137342
137343
137344
137345
137346
137347
137348
137349
137350
137351
137352
137353
137354
137355
137356
137357
137358
137359
137360
137361
137362
137363
137364
137365
137366
137367
137369
137370
137371
137372
137376
137377
137378
137379
137380
137381
137383
137385
137386
137387
137389
137390
137391
137392
137393
137394
137395
137396
137397
137398
137399
137400
137401
137402
137403
137405
137406
137407
137409
137410
137411
137412
137413
137416
137418
137420
137421
137424
137425
137426
137428
137429
137430
137431
137436
137439
137500
137502
137504
137517
137518
137522
137526
137527
137532
137536
137580
137583
137589
137590
137646
137647
137672
137687
137693
137722
137753
137757
137779
137870
137892
137894
137937
137940
138053
138180
138189
138190
138191
138192
138193
138194
138205
138210
138352
138356
138440
138515
138600
138692
138699
138754
138776
138829
138834
138844
138960
139010
139012
139013
139015
139016
139022
139034
139038
139043
139046
139073
139081
139117
139123
139137
139207
139208
139221
139317
139318
139324
139339
139340
139341
139342
139344
139345
139346
139347
139348
139349
139350
139351
139352
139353
139354
139355
139356
139357
139358
139359
139360
139363
139377
139378
139400
139408
139461
139469
139475
139478
139498
139499
139648
139649
139655
139663
139670
139675
139719
139786
139800
139823
139824
139825
139830
139844
139949
139950
139951
139952
139955
139956
139957
139958
139959
139960
139961
139962
139964
140001
140015
140020
140075
140076
140186
140187
140217
140307
140345
140428
140626
140627
140633
140634
140656
140657
140739
140829
140974
140985
140986
140987
140988
140996
141005
141078
141160
141161
141164
141165
141172
141187
141225
141297
141347
141352
141487
141512
141518
141530
141562
141563
141564
141565
141571
141588
141595
141613
141616
141617
141620
141647
141691
141709
141710
141719
141736
141752
141754
141758
141781
141799
141806
141852
142069
142086
142091
142153
142225
142227
142263
142265
142279
142282
142309
142409
142507
142595
142596
142599
142601
142602
142603
142604
142605
142606
142678
142758
142812
142990
142994
143040
143046
143057
143060
143063
143064
143093
143099
143122
143149
143205
143331
143339
143351
143387
143400
143558
143659
143662
143694
143740
143751
143753
143866
143953
144041
144043
144087
144120
144121
144211
144294
144348
144349
144357
144369
144414
144418
144453
144454
144455
144457
144459
144460
144461
144462
144465
144505
144510
144511
144551
144561
144562
144592
144599
144620
144632
144634
144637
144650
144665
144666
144667
144671
144843
144846
144852
144896
144967
144968
144969
144975
144976
145129
145131
145132
145190
145277
145354
145355
145365
145407
145457
145489
145490
145491
145492
145493
145497
145549
145625
145661
145667
145691
145734
145735
145739
145740
145745
145759
145775
145781
145830
145834
145908
145912
145946
145951
146028
146093
146104
146148
146162
146172
146181
146208
146210
146215
146221
146291
146401
146402
146404
146408
146457
146503
146534
146611
146704
146732
146737
146754
146861
146873
146923
146994
147036
147056
147058
147067
147068
147085
147115
147147
147150
147199
147200
147202
147222
147274
147322
147323
147324
147325
147326
147343
147357
147359
147364
147365
147368
147433
147438
147466
147472
147473
147474
147475
147534
147536
147537
147568
147604
147613
147683
147686
147706
147712
147751
147753
147755
147756
147757
147758
147759
147761
147764
147765
147766
147771
147780
147784
147787
147788
147789
147790
147791
147792
147828
147869
147872
147920
147924
147925
147926
147927
147928
147929
147930
147931
147932
147933
147934
148034
148036
148037
148046
148072
148095
148096
148097
148098
148099
148100
148142
148147
148181
148193
148226
148229
148230
148233
148235
148241
148281
148295
148296
148319
148361
148385
148389
148416
148426
148436
148481
148630
148631
148632
148633
148641
148663
148702
148703
148704
148705
148725
148726
148729
148829
148846
148871
148878
148991
149038
149039
149050
149053
149055
149056
149057
149058
149059
149060
149061
149062
149063
149064
149066
149069
149070
149071
149072
149073
149074
149075
149076
149077
149078
149110
149118
149119
149120
149122
149124
149131
149133
149135
149152
149155
149156
149157
149179
149180
149182
149183
149184
149185
149187
149188
149189
149190
149192
149194
149196
149197
149198
149199
149201
149204
149205
149207
149208
149209
149210
149212
149214
149215
149216
149217
149218
149219
149221
149223
149225
149257
149361
149412
149418
149538
149539
149647
149959
149983
149993
150239
150246
150286
150325
150490
150554
150746
150774
150775
150810
150955
151100
151101
151345
151482
151502
151503
151504
151721
151906
151956
151957
151960
151974
151993
152003
152006
152055
152074
152075
152076
152077
152078
152079
152080
152081
152082
152083
152084
152085
152086
152087
152088
152089
152090
152091
152092
152093
152117
152365
152377
152454
152567
152652
152654
152691
152769
152955
153080
153081
153082
153083
153085
153087
153093
153114
153140
153180
153181
153184
153185
153186
153187
153188
153193
153195
153196
153197
153199
153205
153206
153214
153558
153805
154073
154089
154098
154112
154122
154123
154141
154391
154571
154652
154689
154726
154748
154759
154771
154971
155017
155120
155187
155188
155229
155278
155281
155359
155704
155778
155836
156136
156139
156146
156147
156149
156151
156152
156498
156591
156692
156707
156708
156710
156711
156731
156732
156734
156740
156742
156743
156765
156885
156918
157085
157209
157214
157220
157221
157223
157240
157622
157699
157700
157701
157713
157715
157718
157720
157733
157735
157781
157784
157793
157795
157806
157895
157897
157898
157900
157901
157902
157904
157920
157921
157922
157972
157973
157974
157975
157990
158003
158017
158018
158019
158020
158021
158022
158023
158026
158028
158031
158032
158033
158034
158035
158037
158043
158071
158106
158193
158200
158201
158205
158260
158261
158262
158297
158298
158299
158302
158315
158316
158369
158376
158393
158394
158396
158397
158415
158426
158777
158789
158796
158798
158799
158800
158801
158803
158804
158805
158806
158808
158809
158880
159159
159163
159164
159165
159166
159172
159173
159174
159269
159288
159291
159310
159311
159329
159331
159335
159341
159355
159365
159489
159661
159664
159665
159666
159690
159699
159700
159702
159703
159706
159713
159725
159759
159760
159765
159795
159824
159826
159862
159885
159892
160124
160209
160210
160219
160220
160262
160271
160301
160328
160447
160515
160516
160517
160546
160597
160674
160678
160688
160694
160696
160699
160700
160788
160925
160970
161058
161063
161184
161359
161364
161383
161438
161449
161564
161610
161662
161673
161674
161675
161677
161678
161679
161680
161681
161682
161683
161684
161685
161686
161687
161688
161689
161690
161691
161692
161693
161694
161695
161696
161697
161698
161699
161700
161701
161702
161703
161704
161710
161721
161765
161771
161772
161773
161774
161775
161793
161818
161845
161938
161939
161940
161941
161942
161945
161947
161948
162032
162040
162043
162044
162045
162046
162047
162049
162098
162099
162100
162101
162102
162103
162104
162105
162106
162107
162108
162156
162157
162158
162159
162429
162437
162634
162641
162663
162673
162688
162715
162743
162747
162748
162768
162771
162773
162774
162782
162792
162799
162802
162809
162817
163033
163046
163114
163169
163342
163440
163442
163447
163463
163464
163473
163476
163711
163796
163857
163861
163873
163904
163922
163968
163970
164072
164073
164074
164075
164076
164134
164310
164501
164503
164509
164511
164513
164514
164649
164670
164671
164674
164811
164869
164980
165046
165069
165070
165071
165072
165073
165251
165347
165356
165357
165361
165394
165395
165402
165403
165406
165407
165413
165553
165556
165573
165589
165623
165627
165629
165738
165758
165785
165789
165790
165802
165803
165804
165805
165806
165829
165874
165889
165892
165952
165954
165955
165956
165957
165958
165960
165962
165963
165972
166121
166153
166178
166179
166348
166394
166640
166643
166645
166647
166651
166652
166653
166654
166655
166755
166763
166895
167006
167016
167028
167060
167180
167181
167235
167348
167386
167431
167433
167434
167518
167655
167656
167694
167695
167708
167721
167729
167871
167935
167980
167982
167983
168090
168092
168093
168095
168096
168097
168098
168100
168101
168102
168103
168104
168105
168106
168107
168108
168123
168130
168198
168199
168200
168202
168204
168211
168226
168227
168417
168459
168466
168467
168468
168476
168559
168598
168599
168634
168641
168668
168704
168748
168800
168801
168898
168902
168905
168914
169076
169107
169110
169112
169114
169116
169118
169125
169126
169127
169128
169131
169132
169133
169134
169135
169136
169137
169138
169148
169153
169274
169275
169276
169325
169342
169365
169425
169499
169501
169542
169700
169705
169753
169757
169807
169808
169809
169810
169836
169850
169917
169942
169990
170043
170044
170063
170065
170066
170120
170122
170190
170191
170238
170239
170241
170242
170261
170365
170379
170405
170415
170520
170557
170570
170571
170673
170674
170689
170690
170762
170772
170774
170777
170778
170779
170789
170900
171034
171068
171074
171120
171121
171122
171297
171339
171363
171364
171366
171423
171428
171431
171665
171802
171803
171804
171805
171806
171807
171866
171938
171943
172004
172030
172114
172155
172156
172209
172210
172213
172220
172223
172256
172257
172449
172450
172492
172494
172497
172498
172518
172534
172535
172536
172538
172559
172562
172565
172566
172567
172568
172569
172570
172571
172574
172575
172576
172588
172611
172687
172688
172689
172698
172700
172705
172708
172709
172711
172713
172714
172715
172718
172719
172720
172721
172722
172723
172724
172725
172727
172728
172729
172730
172731
172732
172733
172734
172735
172736
172737
172738
172739
172740
172741
172742
172743
172744
172749
172750
172755
172756
172757
172758
172759
172760
172761
172762
172763
172764
172766
172767
172819
172820
172821
172822
172823
172825
172827
172830
172832
172833
172836
172837
172838
172840
172841
172846
172847
172848
172849
172850
172851
172852
172853
172855
172856
172859
172860
172861
172862
172863
172865
172867
172868
172870
172871
172873
172881
172884
172885
172887
172888
172893
172894
172895
172898
172899
172900
172903
172904
172905
172906
172907
172908
172909
172910
172911
172912
172913
172914
172915
172916
172919
172920
172921
172923
172950
172957
172959
173016
173017
173018
173020
173022
173023
173024
173025
173026
173027
173028
173030
173033
173035
173036
173037
173038
173039
173040
173041
173042
173043
173044
173050
173092
173096
173099
173100
173101
173109
173110
173116
173117
173118
173119
173120
173121
173122
173123
173161
173164
173166
173168
173169
173170
173176
173177
173189
173190
173208
173209
173210
173211
173221
173228
173229
173230
173231
173232
173233
173241
173242
173243
173244
173245
173248
173251
173252
173254
173256
173257
173259
173261
173275
173277
173303
173318
173376
173460
173691
173693
173743
173744
173745
173746
173747
173748
173749
173750
173754
173765
173769
173772
173774
173776
173778
173779
173780
173781
173788
173790
173792
173793
173795
173799
173801
173804
173808
173809
173812
173816
173836
173839
173849
173850
173871
173930
173941
173943
173944
173965
174043
174090
174115
174117
174138
174139
174140
174141
174142
174143
174147
174186
174205
174222
174227
174318
174319
174352
174504
174517
174519
174533
174544
174584
174592
174628
174638
174765
174769
174998
175028
175113
175137
175141
175198
175254
175309
175358
175362
175398
175399
175402
175404
175405
175410
175424
175428
175430
175432
175433
175445
175449
175451
175456
175457
175460
175462
175468
175525
175527
175529
175530
175531
175532
175533
175536
175542
175543
175546
175547
175553
175557
175558
175568
175581
175596
175599
175600
175601
175603
175605
175964
175969
175979
175980
176025
176164
176292
176296
176362
176478
176509
176516
176517
176518
176542
176543
176576
176577
176596
176599
176607
176615
176619
176736
176754
176958
176959
177049
177084
177092
177094
177248
177249
177302
177664
177693
177694
177695
177696
177697
177798
177805
177905
177998
178150
178341
178376
178525
178526
178531
178532
178533
178562
178593
178595
178596
178601
178602
178606
178624
178625
178627
178632
178642
178648
178662
178768
178799
178847
178848
178849
178850
178851
178852
178853
178854
178855
178856
178857
178858
178859
178884
178893
179097
179273
179274
179276
179398
179442
179558
179792
179795
179798
179935
179949
179999
180023
180079
180136
180137
180172
180173
180174
180211
180225
180284
180288
180317
180382
180401
180485
180492
180494
180527
180629
180639
180670
180710
180775
180804
180934
180935
181010
181023
181024
181089
181090
181112
181267
181335
181354
181400
181439
181464
181495
181640
181722
181723
181803
181805
181827
181834
181836
181880
181888
181889
181890
181995
182054
182055
182103
182130
182215
182239
182294
182341
182342
182406
182702
182784
182792
182885
182886
182997
183040
183081
183082
183216
183282
183295
183366
183386
183394
183492
183494
183495
183496
183497
183522
183554
183590
183591
183620
183746
183747
183748
183750
183816
183878
183889
183891
183942
183957
183962
184017
184021
184022
184023
184057
184059
184106
184109
184151
184153
184285
184289
184299
184315
184316
184317
184318
184408
184433
184439
184498
184661
184662
184672
184727
184731
184732
184739
184740
184745
184840
184884
184931
184970
184981
184994
184995
184996
185001
185096
185160
185176
185180
185201
185211
185274
185291
185294
185317
185355
185420
185442
185479
185562
185686
185687
185730
185732
185761
185762
185764
185783
185789
185792
185825
185837
185864
185865
185871
185883
185906
185932
185939
185940
185943
185950
185974
186034
186035
186038
186072
186076
186077
186099
186160
186161
186180
186184
186220
186254
186257
186394
186395
186404
186447
186513
186514
186515
186516
186518
186553
186567
186570
186577
186592
186594
186613
186620
186691
186780
186787
186811
186881
186903
186908
186939
186947
186959
186960
187019
187037
187042
187048
187050
187084
187097
187101
187102
187112
187122
187123
187124
187132
187141
187152
187162
187188
187189
187190
187225
187276
187338
187465
187466
187467
187468
187484
187502
187513
187556
187571
187572
187579
187581
187599
187601
187605
187639
187688
187692
187700
187704
187710
187756
187757
187800
187876
187884
187905
187935
187976
187977
188024
188050
188053
188064
188070
188073
188091
188174
188232
188353
188412
188450
188453
188482
188708
188709
188710
188711
188725
188813
188814
188815
188816
188819
188820
188822
188827
188834
188840
188841
188842
188843
188844
188845
188847
188849
188851
188852
188853
188856
188857
188858
188861
188862
188867
188872
188873
188877
188881
188885
188887
188888
188891
188894
188904
188920
188932
188939
188940
188941
188942
188943
188946
188947
188948
188949
188950
188951
188952
188953
188954
188955
188956
188959
188962
188968
188982
188993
188998
188999
189004
189008
189012
189014
189015
189016
189018
189019
189020
189023
189024
189103
189166
189224
189286
189291
189293
189310
189345
189351
189382
189383
189415
189441
189442
189443
189444
189445
189446
189512
189517
189545
189546
189584
189585
189587
189632
189638
189639
189650
189659
189660
189662
189663
189664
189665
189666
189667
189668
189671
189672
189674
189675
189678
189703
189773
189777
189780
189784
189793
189868
189918
189923
189936
189937
189984
190101
190111
190254
190385
190433
190434
190435
190436
190441
190484
190485
190502
190514
190520
190526
190528
190537
190589
190600
190630
190658
190663
190680
190704
190705
190731
190747
190767
190793
190889
190907
190910
190939
190973
191024
191056
191100
191105
191115
191225
191250
191302
191323
191324
191336
191337
191390
191523
191524
191653
191766
191911
191956
191981
192006
192007
192008
192029
192033
192087
192088
192123
192126
192151
192152
192153
192154
192155
192156
192188
192202
192203
192204
192247
